0 RLUG_M
0 Author: LEGO Digital Designer 4.3
1 14 -180.00001525878906 -168.00004577636719 -19.999971389770508 1 0 0 0 1 0 0 0 1 3003.dat
1 4 -180.00001525878906 -144.00004577636719 -19.999969482421875 1 0 0 0 1 0 0 0 1 3003.dat
1 1 -180.00001525878906 -120.00003814697266 -19.999969482421875 1 0 0 0 1 0 0 0 1 3003.dat
1 2 -180.00001525878906 -96.000045776367188 -19.999969482421875 1 0 0 0 1 0 0 0 1 3003.dat
1 4 -180.00001525878906 -72.000053405761719 -19.999969482421875 1 0 0 0 1 0 0 0 1 3003.dat
1 14 -180.00001525878906 -48.000049591064453 -19.999969482421875 1 0 0 0 1 0 0 0 1 3003.dat
1 4 -180.00004577636719 -24 20.000022888183594 0 0 1 0 0.99999994039535522 0 -1 0 0 3001.dat
1 4 -180.00001525878906 -48.000049591064453 50.000034332275391 1 0 0 0 1 0 0 0 1 3004.dat
1 4 -180.00001525878906 -24 -29.999967575073242 1 0 0 0 1 0 0 0 1 3004.dat
1 72 389.9998779296875 -8 -149.9998779296875 0 0 -1 0 0.99999994039535522 0 1 0 0 3024.dat
1 72 280.00003051757812 -16.000068664550781 -149.9998779296875 -1 0 0 0 1 0 0 0 -1 60479.dat
1 72 260.00003051757813 -8 -149.9998779296875 -1 0 0 0 1 0 0 0 -1 60479.dat
1 288 90.000007629394531 -40.000080108642578 30.00006103515625 0 0 1 0 0.99999994039535522 0 -1 0 0 3024.dat
1 15 39.999973297119141 -32.000083923339844 20.000070571899414 -1 0 0 0 1 0 0 0 -1 2445.dat
1 15 40.000141143798828 -24.000068664550781 40.000053405761719 1 0 0 0 1 0 0 0 1 2445.dat
1 288 110.00002288818359 -32.000068664550781 50.000045776367188 0 0 1 0 0.99999994039535522 0 -1 0 0 3024.dat
1 34 90.000045776367188 -32.000068664550781 50.000045776367188 0 0 1 0 0.99999994039535522 0 -1 0 0 3024.dat
1 57 30.000078201293945 -32.000068664550781 50.000045776367188 0 0 1 0 0.99999994039535522 0 -1 0 0 3024.dat
1 2 39.999996185302734 -24.000076293945313 6.4820051193237305E-005 -1 0 0 0 1 0 0 0 -1 2445.dat
1 2 39.999996185302734 -32.000076293945313 -19.999912261962891 -1 0 0 0 1 0 0 0 -1 2445.dat
1 2 39.999996185302734 -48.000083923339844 -59.9998779296875 -1 0 0 0 1 0 0 0 -1 2445.dat
1 2 40.000118255615234 -40.000076293945313 -59.999835968017578 1 0 0 0 1 0 0 0 1 3029.dat
1 2 39.999996185302734 -32.000076293945313 -99.999801635742188 -1 0 0 0 1 0 0 0 -1 2445.dat
1 2 39.999996185302734 -24.000076293945313 -119.99982452392578 -1 0 0 0 1 0 0 0 -1 2445.dat
1 15 40.000141143798828 -16.000068664550781 80.000038146972656 1 0 0 0 1 0 0 0 1 3029.dat
1 57 70.000053405761719 -24.000066757202148 90.000015258789063 0 0 1 0 0.99999994039535522 0 -1 0 0 3024.dat
1 15 40.000118255615234 -24.000068664550781 119.99998474121094 1 0 0 0 1 0 0 0 1 2445.dat
1 288 90 -40.000064849853516 129.99995422363281 0 0 1 0 0.99999994039535522 0 -1 0 0 3024.dat
1 15 40.000106811523437 -32.000064849853516 139.99995422363281 1 0 0 0 1 0 0 0 1 2445.dat
1 70 10.000038146972656 -40.000064849853516 129.99995422363281 0 0 1 0 0.99999994039535522 0 -1 0 0 3024.dat
1 288 110.00001525878906 -32.000064849853516 109.99997711181641 0 0 1 0 0.99999994039535522 0 -1 0 0 3024.dat
1 34 90.000022888183594 -32.000064849853516 109.99997711181641 0 0 1 0 0.99999994039535522 0 -1 0 0 3024.dat
1 70 50.000034332275391 -32.000064849853516 109.99997711181641 0 0 1 0 0.99999994039535522 0 -1 0 0 3024.dat
1 4 40.000080108642578 -24.000070571899414 160 1 0 0 0 1 0 0 0 1 2445.dat
1 70 10.000061988830566 -32.000064849853516 109.99999237060547 0 0 1 0 0.99999994039535522 0 -1 0 0 3024.dat
1 27 110.00003814697266 -24.000066757202148 70.000015258789063 0 0 1 0 0.99999994039535522 0 -1 0 0 3024.dat
1 27 110.00002288818359 -24.000066757202148 90.000007629394531 0 0 1 0 0.99999994039535522 0 -1 0 0 3024.dat
1 70 50.00006103515625 -24.000066757202148 90.000007629394531 0 0 1 0 0.99999994039535522 0 -1 0 0 3024.dat
1 34 90.000045776367188 -24.000066757202148 70.000015258789063 0 0 1 0 0.99999994039535522 0 -1 0 0 3024.dat
1 34 90.000045776367188 -24.000066757202148 90.000015258789063 0 0 1 0 0.99999994039535522 0 -1 0 0 3024.dat
1 70 30.000091552734375 -24.000066757202148 70.000015258789063 0 0 1 0 0.99999994039535522 0 -1 0 0 3024.dat
1 70 30.000083923339844 -24.000066757202148 90.000007629394531 0 0 1 0 0.99999994039535522 0 -1 0 0 3024.dat
1 4 40.000106811523437 -16.000062942504883 199.99996948242187 1 0 0 0 1 0 0 0 1 3029.dat
1 4 40.000091552734375 -24.00006103515625 239.99996948242187 1 0 0 0 1 0 0 0 1 2445.dat
1 4 40.000068664550781 -56.000022888183594 309.99996948242187 -1 0 0 0 1 0 0 0 -1 60479.dat
1 4 40.000068664550781 -48.000030517578125 299.99993896484375 1 0 0 0 1 0 0 0 1 2445.dat
1 4 40.000068664550781 -40.000045776367188 280 1 0 0 0 1 0 0 0 1 2445.dat
1 4 40.000068664550781 -32.000053405761719 259.99996948242187 1 0 0 0 1 0 0 0 1 2445.dat
1 2 39.999996185302734 -16.000064849853516 -139.99984741210937 -1 0 0 0 1 0 0 0 -1 2445.dat
1 70 10.000091552734375 -24.000066757202148 90.000015258789063 0 0 1 0 0.99999994039535522 0 -1 0 0 3024.dat
1 15 40.000141143798828 -8 80.000015258789063 1 0 0 0 1 0 0 0 1 2445.dat
1 4 40.000118255615234 -8 199.99996948242187 1 0 0 0 1 0 0 0 1 2445.dat
1 46 -9.9999008178710937 -32.000068664550781 50.000045776367188 0 0 1 0 0.99999994039535522 0 -1 0 0 3024.dat
1 70 -9.9999246597290039 -32.000064849853516 109.99999237060547 0 0 1 0 0.99999994039535522 0 -1 0 0 3024.dat
1 70 -9.9998950958251953 -24.000066757202148 70.000015258789063 0 0 1 0 0.99999994039535522 0 -1 0 0 3024.dat
1 70 -9.9999008178710937 -24.000066757202148 90.000015258789063 0 0 1 0 0.99999994039535522 0 -1 0 0 3024.dat
1 70 -29.999900817871094 -32.000064849853516 109.99999237060547 0 0 1 0 0.99999994039535522 0 -1 0 0 3024.dat
1 72 20.000171661376953 -8 -149.99989318847656 -1 0 0 0 1 0 0 0 -1 60479.dat
1 14 -89.999862670898438 -16.000070571899414 -149.99986267089844 0 0 1 0 0.99999994039535522 0 -1 0 0 3024.dat
1 14 -180.00001525878906 -168.00004577636719 180.00004577636719 1 0 0 0 1 0 0 0 1 3003.dat
1 4 -180.00003051757812 -144.00004577636719 180.00006103515625 1 0 0 0 1 0 0 0 1 3003.dat
1 2 -180.00003051757812 -120.00003814697266 180.00006103515625 1 0 0 0 1 0 0 0 1 3003.dat
1 14 -180.00003051757812 -96.000045776367188 180.00006103515625 1 0 0 0 1 0 0 0 1 3003.dat
1 1 -180.00003051757812 -72.000053405761719 180.00006103515625 1 0 0 0 1 0 0 0 1 3003.dat
1 4 -180.00003051757812 -48.000049591064453 180.00006103515625 1 0 0 0 1 0 0 0 1 3003.dat
1 1 -180 -24 140.00006103515625 0 0 1 0 0.99999994039535522 0 -1 0 0 3001.dat
1 2 -180 -168.00004577636719 100.00003814697266 1 0 0 0 1 0 0 0 1 3003.dat
1 1 -180.00001525878906 -144.00004577636719 100.00003814697266 1 0 0 0 1 0 0 0 1 3003.dat
1 14 -180.00001525878906 -120.00003814697266 100.00003814697266 1 0 0 0 1 0 0 0 1 3003.dat
1 4 -180.00001525878906 -96.000045776367188 100.00003814697266 1 0 0 0 1 0 0 0 1 3003.dat
1 1 -180.00001525878906 -72.000053405761719 100.00003814697266 1 0 0 0 1 0 0 0 1 3003.dat
1 2 -180.00001525878906 -48.000049591064453 100.00003814697266 1 0 0 0 1 0 0 0 1 3003.dat
1 4 -180.00001525878906 -168.00018310546875 -140.00001525878906 1 0 0 0 1 0 0 0 1 3003.dat
1 14 -180.00001525878906 -144.00018310546875 -160 1 0 0 0 1 0 0 0 1 3003.dat
1 1 -180.00001525878906 -120.00018310546875 -160 1 0 0 0 1 0 0 0 1 3003.dat
1 14 -180.00001525878906 -96.000190734863281 -119.99998474121094 0 0 1 0 0.99999994039535522 0 -1 0 0 3001.dat
1 14 -180.00001525878906 -168.00018310546875 -99.999984741210938 1 0 0 0 1 0 0 0 1 3003.dat
1 1 -180.00001525878906 -144.00018310546875 -79.999992370605469 1 0 0 0 1 0 0 0 1 3003.dat
1 4 -180.00001525878906 -120.00018310546875 -79.999992370605469 1 0 0 0 1 0 0 0 1 3003.dat
1 14 -180.00001525878906 -96.000190734863281 -170.00001525878906 1 0 0 0 1 0 0 0 1 3004.dat
1 2 -180.00001525878906 -72.000190734863281 -79.999984741210938 1 0 0 0 1 0 0 0 1 3003.dat
1 4 -180.00001525878906 -72.000190734863281 -160.00001525878906 1 0 0 0 1 0 0 0 1 3003.dat
1 1 -180.00001525878906 -48.000099182128906 -79.999992370605469 1 0 0 0 1 0 0 0 1 3003.dat
1 1 -180.00001525878906 -48.000190734863281 -160.00001525878906 1 0 0 0 1 0 0 0 1 3003.dat
1 14 -180.00001525878906 -24 -79.999992370605469 1 0 0 0 1 0 0 0 1 3003.dat
1 2 -180.00001525878906 -24 -160.00001525878906 1 0 0 0 1 0 0 0 1 3003.dat
1 14 -180.00001525878906 -168.00004577636719 280.00015258789063 0 0 1 0 0.99999994039535522 0 -1 0 0 3001.dat
1 2 -180 -144.00004577636719 240.00006103515625 1 0 0 0 1 0 0 0 1 3003.dat
1 1 -180 -144.00004577636719 320.00006103515625 1 0 0 0 1 0 0 0 1 3003.dat
1 14 -180 -120.00003814697266 240.00003051757813 1 0 0 0 1 0 0 0 1 3003.dat
1 4 -180 -96.000045776367188 240.00003051757813 1 0 0 0 1 0 0 0 1 3003.dat
1 2 -180 -72.000053405761719 240.00001525878906 1 0 0 0 1 0 0 0 1 3003.dat
1 4 -180 -48.000049591064453 239.99998474121094 1 0 0 0 1 0 0 0 1 3003.dat
1 1 -179.99993896484375 -24 280.00003051757812 0 0 1 0 0.99999994039535522 0 -1 0 0 3001.dat
1 14 -180 -72.000053405761719 299.99993896484375 1 0 0 0 1 0 0 0 1 3003.dat
1 4 -179.99995422363281 -48.000049591064453 319.99996948242187 1 0 0 0 1 0 0 0 1 3003.dat
1 0 317.94317626953125 -29.14556884765625 194.8701171875 0.69784539937973022 0.55789732933044434 -0.44917976856231689 -0.28347539901733398 0.79105126857757568 0.54210668802261353 0.65776407718658447 -0.25097522139549255 0.7101815938949585 970.dat
1 73 324.60610961914062 -19.841266632080078 191.81095886230469 0.69784575700759888 0.30337327718734741 0.64882701635360718 -0.28347516059875488 -0.71491777896881104 0.63916707038879395 0.65776413679122925 -0.629966139793396 -0.4129033088684082 971.dat
1 73 324.65447998046875 -19.748828887939453 191.79946899414062 0.69784557819366455 0.69107621908187866 0.18821679055690765 -0.28347501158714294 0.025160595774650574 0.95864957571029663 0.6577642560005188 -0.72234398126602173 0.21346107125282288 972.dat
1 15 300.09039306640625 -54.459197998046875 202.90121459960937 0.69784533977508545 0.55789732933044434 -0.44917988777160645 -0.28347539901733398 0.79105132818222046 0.54210668802261353 0.65776413679122925 -0.25097516179084778 0.7101815938949585 973.dat
1 2 294.43411254882812 -42.748016357421875 190.3841552734375 0.84550172090530396 0.22773751616477966 0.48297247290611267 -0.14331468939781189 -0.77451932430267334 0.61610120534896851 0.51438087224960327 -0.59013170003890991 -0.6222192645072937 982.dat
1 2 316.04058837890625 -51.503063201904297 210.81733703613281 0.69044786691665649 -0.30639791488647461 -0.65528780221939087 -0.41778302192687988 0.5706138014793396 -0.70700585842132568 0.59054136276245117 0.76191878318786621 0.26597121357917786 981.dat
1 14 290.3323974609375 -60.560924530029297 182.24581909179687 0.9636378288269043 0.12577009201049805 0.23576274514198303 -0.22040997445583344 -0.12469211965799332 0.96740442514419556 0.1510683000087738 -0.98419195413589478 -0.092437058687210083 983.dat
1 14 318.73345947265625 -37.098789215087891 223.39332580566406 -0.72681963443756104 -0.60934287309646606 -0.31691420078277588 0.040556047111749649 0.42253625392913818 -0.90543842315673828 0.68563002347946167 -0.67094320058822632 -0.28239485621452332 983.dat
1 14 286.7008056640625 -73.444435119628906 208.92477416992187 0.32457470893859863 0.55789721012115479 -0.76380759477615356 0.070349887013435364 0.79105138778686523 0.60769122838973999 0.94324028491973877 -0.25097498297691345 0.2175072580575943 3626b.dat
1 484 286.7008056640625 -73.444435119628906 208.92472839355469 0.30025342106819153 0.55789721012115479 -0.77369153499603271 0.089535728096961975 0.79105138778686523 0.60516202449798584 0.94964796304702759 -0.25097498297691345 0.18756413459777832 61196.dat
